0,551
0,305
0,308
0,304
0,303
0,302
0,307
0,12
0,10
0,8
0,0
0,527
0,399
0,300
0,561
0,401
0,299
0,464
0,397
0,298
0,463
0,396
0,297
0,566
0,472
0,296
0,462
0,469
0,295
0,526
0,393
0,294
0,461
0,395
0,293
0,460
0,391
0,292
0,459
0,390
0,291
0,525
0,392
0,290
0,563
0,388
0,289
0,568
0,387
0,288
0,524
0,287
0,523
0,385
0,286
0,458
0,384
0,285
0,560
0,386
0,284
0,559
0,382
0,283
0,558
0,381
0,282
0,565
0,383
0,281
0,522
0,379
0,280
0,521
0,537
0,279
0,520
0,497
0,278
0,519
0,429
0,277
0,518
0,375
0,276
0,517
0,377
0,275
0,562
0,373
0,274
0,567
0,273
0,516
0,374
0,272
0,557
0,515
0,271
0,556
0,514
0,270
0,555
0,554
0,269
0,553
0,512
0,268
0,552
0,511
0,267
0,564
0,513
0,266
0,510
0,421
0,265
0,508
0,457
0,264
0,507
0,506
0,263
0,505
0,456
0,262
0,504
0,503
0,261
0,502
0,501
0,260
0,550
0,455
0,259
0,468
0,454
0,258
0,549
0,453
0,257
0,548
0,452
0,256
0,547
0,451
0,255
0,546
0,450
0,254
0,481
0,449
0,253
0,498
0,448
0,252
0,574
0,447
0,251
0,573
0,446
0,250
0,496
0,445
0,249
0,495
0,444
0,248
0,494
0,443
0,247
0,493
0,442
0,246
0,491
0,441
0,245
0,544
0,440
0,244
0,545
0,439
0,242
0,543
27,3
0,372
0,389
0,407
0,414
3,0
27,1
3,2
3,3
213,3
213,1
23,1
23,3
203,3
24,1
203,1
24,4
199,0
25,1
199,3
26,1
26,3
28,0
28,1
29,0
29,3
30,0
30,3
30,4
31,1
31,3
32,1
33,0
33,1
34,0
34,1
35,0
35,3
36,0
36,3
37,0
37,3
38,1
38,3
39,0
39,1
40,0
40,1
41,0
41,3
41,4
169,1
169,3
169,5
186,0
186,1
198,0
198,1
198,4
198,5
199,2
200,1
200,3
207,0
207,1
209,0
209,3
210,0
210,3
211,0
211,2
211,3
211,5
212,2
213,2
215,1
215,2
215,4
215,3
215,0
211,6
211,4
211,1
210,1
209,1
207,3
203,2
200,0
198,6
198,3
186,3
169,6
169,4
169,0
41,1
40,3
39,3
38,4
38,0
37,1
36,1
35,1
34,3
33,3
32,3
32,0
31,0
30,1
29,1
28,3
199,1
26,0
25,3
25,0
24,3
24,0
203,0
23,0
213,0
3,1
0,575
0,406
0,320
0,312
27,0
212,1
212,3
212,0
0,9
0,438
0,241
0,542
0,437
0,240
0,541
0,436
0,239
0,540
0,435
0,238
0,489
0,434
0,237
0,488
0,433
0,236
0,490
0,432
0,235
0,487
0,431
0,234
0,486
0,430
0,233
0,485
0,371
0,232
0,484
0,370
0,231
0,483
0,369
0,230
0,482
0,368
0,229
0,538
0,367
0,228
0,539
0,366
0,227
0,572
0,365
0,226
0,536
0,364
0,225
0,535
0,363
0,224
0,534
0,362
0,223
0,480
0,361
0,222
0,479
0,360
0,221
0,398
0,359
0,220
0,471
0,358
0,219
0,477
0,357
0,218
0,476
0,356
0,217
0,475
0,355
0,216
0,474
0,354
0,215
0,473
0,353
0,214
0,532
0,352
0,213
0,533
0,351
0,212
0,531
0,350
0,211
0,530
0,349
0,210
0,529
0,348
0,209
0,528
0,347
0,208
0,394
0,346
0,207
0,478
0,345
0,206
0,570
0,344
0,205
0,571
0,343
0,204
0,499
0,342
0,203
0,341
0,202
0,466
0,340
0,201
0,339
0,200
0,428
0,338
0,199
0,337
0,198
0,569
0,336
0,197
0,425
0,335
0,196
0,424
0,334
0,195
0,333
0,194
0,422
0,332
0,193
0,378
0,331
0,192
0,423
0,330
0,63
0,419
0,329
0,62
0,328
0,61
0,470
0,327
0,60
0,467
0,326
0,59
0,415
0,325
0,58
0,324
0,57
0,413
0,323
0,56
0,412
0,322
0,55
0,321
0,54
0,410
0,319
0,53
0,409
0,318
0,52
0,411
0,317
0,51
0,316
0,50
0,405
0,315
0,49
0,408
0,314
0,48
0,403
0,313
0,47
0,402
0,309
0,46
0,404
0,306
0,45
0,400
0,301
0,6
0,5
0,1
0,11
0,4
0,2
0,3
0,7
